213779 0 4 0 3 0 2 0 1 0 0 0 
213778 2 4 2 4 1 4 0 
213781 0 7 0 6 0 
213780 2 7 2 7 1 7 0 
213786 3 5 6 5 7 
213787 3 8 6 8 7 8 8 
213785 1 4 6 5 6 6 6 7 6 8 6 9 6 
213784 3 4 4 4 5 4 6 
213783 0 7 4 6 4 5 4 4 4 
213789 2 9 4 9 3 9 2 9 1 9 0 
213788 1 7 4 8 4 9 4 
213782 3 7 2 7 3 7 4 
213777 1 0 2 1 2 2 2 3 2 4 2 5 2 6 2 7 2 
213776 2 0 4 0 3 0 2 
213775 0 1 4 0 4 
213774 2 1 9 1 8 1 7 1 6 1 5 1 4 
213773 0 2 9 1 9 
213792 0 3 8 2 8 1 8 
213795 0 4 9 3 9 
213797 2 6 9 6 8 
213796 1 4 9 5 9 6 9 
213794 3 4 8 4 9 
213793 1 3 8 4 8 
213791 2 3 9 3 8 
213790 1 2 9 3 9 
213772 3 2 8 2 9 
213771 1 1 8 2 8 
213770 3 1 4 1 5 1 6 1 7 1 8 1 9 
213769 1 0 4 1 4 2 4 
213768 3 0 2 0 3 0 4 
213767 0 4 2 3 2 2 2 1 2 0 2 
213766 3 4 0 4 1 4 2 
213732 1 0 0 1 0 2 0 3 0 4 0 
213796 1 4 9 5 9 6 9 
213794 3 4 8 4 9 
213793 1 3 8 4 8 
213791 2 3 9 3 8 
213790 1 2 9 3 9 
213772 3 2 8 2 9 
213771 1 1 8 2 8 
213794 3 4 8 4 9 
213793 1 3 8 4 8 
213791 2 3 9 3 8 
213790 1 2 9 3 9 
213772 3 2 8 2 9 
213771 1 1 8 2 8 
213794 3 4 8 4 9 
213793 1 3 8 4 8 
213791 2 3 9 3 8 
213790 1 2 9 3 9 
213772 3 2 8 2 9 
213771 1 1 8 2 8 
213793 1 3 8 4 8 
213791 2 3 9 3 8 
213790 1 2 9 3 9 
213772 3 2 8 2 9 
213771 1 1 8 2 8 
213791 2 3 9 3 8 
213790 1 2 9 3 9 
213772 3 2 8 2 9 
213771 1 1 8 2 8 
213791 2 3 9 3 8 
213790 1 2 9 3 9 
213772 3 2 8 2 9 
213771 1 1 8 2 8 
213790 1 2 9 3 9 
213772 3 2 8 2 9 
213771 1 1 8 2 8 
213772 3 2 8 2 9 
213771 1 1 8 2 8 
213788 1 7 4 8 4 9 4 
213782 3 7 2 7 3 7 4 
213777 1 0 2 1 2 2 2 3 2 4 2 5 2 6 2 7 2 
213776 2 0 4 0 3 0 2 
213775 0 1 4 0 4 
213774 2 1 9 1 8 1 7 1 6 1 5 1 4 
213773 0 2 9 1 9 
213772 3 2 8 2 9 
213771 1 1 8 2 8 
213782 3 7 2 7 3 7 4 
213777 1 0 2 1 2 2 2 3 2 4 2 5 2 6 2 7 2 
213776 2 0 4 0 3 0 2 
213775 0 1 4 0 4 
213774 2 1 9 1 8 1 7 1 6 1 5 1 4 
213773 0 2 9 1 9 
213772 3 2 8 2 9 
213771 1 1 8 2 8 
213784 3 4 4 4 5 4 6 
213783 0 7 4 6 4 5 4 4 4 
213782 3 7 2 7 3 7 4 
213777 1 0 2 1 2 2 2 3 2 4 2 5 2 6 2 7 2 
213776 2 0 4 0 3 0 2 
213775 0 1 4 0 4 
213774 2 1 9 1 8 1 7 1 6 1 5 1 4 
213773 0 2 9 1 9 
213772 3 2 8 2 9 
213771 1 1 8 2 8 
213783 0 7 4 6 4 5 4 4 4 
213782 3 7 2 7 3 7 4 
213777 1 0 2 1 2 2 2 3 2 4 2 5 2 6 2 7 2 
213776 2 0 4 0 3 0 2 
213775 0 1 4 0 4 
213774 2 1 9 1 8 1 7 1 6 1 5 1 4 
213773 0 2 9 1 9 
213772 3 2 8 2 9 
213771 1 1 8 2 8 
213782 3 7 2 7 3 7 4 
213777 1 0 2 1 2 2 2 3 2 4 2 5 2 6 2 7 2 
213776 2 0 4 0 3 0 2 
213775 0 1 4 0 4 
213774 2 1 9 1 8 1 7 1 6 1 5 1 4 
213773 0 2 9 1 9 
213772 3 2 8 2 9 
213771 1 1 8 2 8 
213777 1 0 2 1 2 2 2 3 2 4 2 5 2 6 2 7 2 
213776 2 0 4 0 3 0 2 
213775 0 1 4 0 4 
213774 2 1 9 1 8 1 7 1 6 1 5 1 4 
213773 0 2 9 1 9 
213772 3 2 8 2 9 
213771 1 1 8 2 8 
213780 2 7 2 7 1 7 0 
213777 1 0 2 1 2 2 2 3 2 4 2 5 2 6 2 7 2 
213776 2 0 4 0 3 0 2 
213775 0 1 4 0 4 
213774 2 1 9 1 8 1 7 1 6 1 5 1 4 
213773 0 2 9 1 9 
213772 3 2 8 2 9 
213771 1 1 8 2 8 
213777 1 0 2 1 2 2 2 3 2 4 2 5 2 6 2 7 2 
213776 2 0 4 0 3 0 2 
213775 0 1 4 0 4 
213774 2 1 9 1 8 1 7 1 6 1 5 1 4 
213773 0 2 9 1 9 
213772 3 2 8 2 9 
213771 1 1 8 2 8 
213778 2 4 2 4 1 4 0 
213776 2 0 4 0 3 0 2 
213775 0 1 4 0 4 
213774 2 1 9 1 8 1 7 1 6 1 5 1 4 
213773 0 2 9 1 9 
213772 3 2 8 2 9 
213771 1 1 8 2 8 
213775 0 1 4 0 4 
213774 2 1 9 1 8 1 7 1 6 1 5 1 4 
213773 0 2 9 1 9 
213772 3 2 8 2 9 
213771 1 1 8 2 8 
213774 2 1 9 1 8 1 7 1 6 1 5 1 4 
213773 0 2 9 1 9 
213772 3 2 8 2 9 
213771 1 1 8 2 8 
213773 0 2 9 1 9 
213772 3 2 8 2 9 
213771 1 1 8 2 8 
213772 3 2 8 2 9 
213771 1 1 8 2 8 
213771 1 1 8 2 8 
213768 3 0 2 0 3 0 4 
213767 0 4 2 3 2 2 2 1 2 0 2 
213766 3 4 0 4 1 4 2 
213732 1 0 0 1 0 2 0 3 0 4 0 
213767 0 4 2 3 2 2 2 1 2 0 2 
213766 3 4 0 4 1 4 2 
213732 1 0 0 1 0 2 0 3 0 4 0 
213766 3 4 0 4 1 4 2 
213732 1 0 0 1 0 2 0 3 0 4 0 
213732 1 0 0 1 0 2 0 3 0 4 0 
