89880 0 1 0 0 0 
89879 2 1 2 1 1 1 0 
89881 2 4 2 4 1 
89878 1 0 2 1 2 2 2 3 2 4 2 
89877 2 0 4 0 3 0 2 
89876 0 1 4 0 4 
89875 2 1 9 1 8 1 7 1 6 1 5 1 4 
89874 0 2 9 1 9 
89884 0 3 8 2 8 1 8 
89887 0 4 9 3 9 
89889 2 6 9 6 8 
89888 1 4 9 5 9 6 9 
89886 3 4 8 4 9 
89885 1 3 8 4 8 
89883 2 3 9 3 8 
89882 1 2 9 3 9 
89873 3 2 8 2 9 
89872 1 1 8 2 8 
89871 3 1 4 1 5 1 6 1 7 1 8 1 9 
89893 0 4 4 3 4 2 4 
89892 2 4 5 4 4 
89896 3 5 6 5 7 
89900 0 7 2 6 2 
89901 1 7 1 8 1 9 1 10 1 
89902 0 7 0 6 0 
89899 2 7 4 7 3 7 2 7 1 7 0 
89903 2 9 4 9 3 
89898 1 6 4 7 4 8 4 9 4 
89897 2 6 6 6 5 6 4 
89906 3 9 8 9 9 9 10 
89905 1 8 8 9 8 
89904 3 8 6 8 7 8 8 
89895 1 4 6 5 6 6 6 7 6 8 6 9 6 
89894 3 4 5 4 6 
89891 1 3 5 4 5 
89890 3 3 4 3 5 
89870 1 0 4 1 4 2 4 3 4 4 4 
89869 3 0 2 0 3 0 4 
89868 0 1 2 0 2 
89867 3 1 0 1 1 1 2 
89866 1 0 0 1 0 2 0 3 0 
89905 1 8 8 9 8 
89904 3 8 6 8 7 8 8 
89904 3 8 6 8 7 8 8 
89898 1 6 4 7 4 8 4 9 4 
89897 2 6 6 6 5 6 4 
89899 2 7 4 7 3 7 2 7 1 7 0 
89897 2 6 6 6 5 6 4 
89894 3 4 5 4 6 
89891 1 3 5 4 5 
89890 3 3 4 3 5 
89891 1 3 5 4 5 
89890 3 3 4 3 5 
89892 2 4 5 4 4 
89891 1 3 5 4 5 
89890 3 3 4 3 5 
89891 1 3 5 4 5 
89890 3 3 4 3 5 
89890 3 3 4 3 5 
89888 1 4 9 5 9 6 9 
89886 3 4 8 4 9 
89885 1 3 8 4 8 
89883 2 3 9 3 8 
89882 1 2 9 3 9 
89873 3 2 8 2 9 
89872 1 1 8 2 8 
89886 3 4 8 4 9 
89885 1 3 8 4 8 
89883 2 3 9 3 8 
89882 1 2 9 3 9 
89873 3 2 8 2 9 
89872 1 1 8 2 8 
89886 3 4 8 4 9 
89885 1 3 8 4 8 
89883 2 3 9 3 8 
89882 1 2 9 3 9 
89873 3 2 8 2 9 
89872 1 1 8 2 8 
89885 1 3 8 4 8 
89883 2 3 9 3 8 
89882 1 2 9 3 9 
89873 3 2 8 2 9 
89872 1 1 8 2 8 
89883 2 3 9 3 8 
89882 1 2 9 3 9 
89873 3 2 8 2 9 
89872 1 1 8 2 8 
89883 2 3 9 3 8 
89882 1 2 9 3 9 
89873 3 2 8 2 9 
89872 1 1 8 2 8 
89882 1 2 9 3 9 
89873 3 2 8 2 9 
89872 1 1 8 2 8 
89873 3 2 8 2 9 
89872 1 1 8 2 8 
89878 1 0 2 1 2 2 2 3 2 4 2 
89877 2 0 4 0 3 0 2 
89876 0 1 4 0 4 
89875 2 1 9 1 8 1 7 1 6 1 5 1 4 
89874 0 2 9 1 9 
89873 3 2 8 2 9 
89872 1 1 8 2 8 
89879 2 1 2 1 1 1 0 
89877 2 0 4 0 3 0 2 
89876 0 1 4 0 4 
89875 2 1 9 1 8 1 7 1 6 1 5 1 4 
89874 0 2 9 1 9 
89873 3 2 8 2 9 
89872 1 1 8 2 8 
89876 0 1 4 0 4 
89875 2 1 9 1 8 1 7 1 6 1 5 1 4 
89874 0 2 9 1 9 
89873 3 2 8 2 9 
89872 1 1 8 2 8 
89875 2 1 9 1 8 1 7 1 6 1 5 1 4 
89874 0 2 9 1 9 
89873 3 2 8 2 9 
89872 1 1 8 2 8 
89874 0 2 9 1 9 
89873 3 2 8 2 9 
89872 1 1 8 2 8 
89873 3 2 8 2 9 
89872 1 1 8 2 8 
89872 1 1 8 2 8 
89869 3 0 2 0 3 0 4 
89868 0 1 2 0 2 
89867 3 1 0 1 1 1 2 
89868 0 1 2 0 2 
89867 3 1 0 1 1 1 2 
89867 3 1 0 1 1 1 2 
